138.63
154.48
155.37
123.71
117.32
161.77
155.86
132.78
173.00
120.70
137.23
169.84
197.28
109.45
104.53
192.01
194.06
190.35
164.72
154.90
159.48
125.57
191.32
160.63
104.34
187.86
145.48
191.34
143.96
125.04
123.44
133.39
177.76
168.63
124.00
119.02
155.57
112.53
181.37
186.26
181.19
126.00
188.41
185.34
135.04
106.53
143.23
140.62
106.93
123.11
188.32
110.58
117.97
147.89
175.15
175.18
176.11
125.19
179.92
120.11
153.73
180.93
116.23
180.11
197.60
132.52
139.12
150.13
181.82
119.65
111.53
172.22
192.27
139.56
109.02
158.42
187.77
137.31
171.61
115.60
117.35
170.59
172.44
196.98
185.88
142.02
162.21
116.58
150.70
167.24
165.77
128.07
101.17
126.34
152.42
187.46
119.62
128.36
175.04
190.24
147.59
103.68
175.12
197.87
184.18
127.54
180.14
146.11
125.03
169.60
177.92
158.04
109.61
158.76
138.48
168.47
182.18
150.63
168.29
103.18
187.71
185.45
123.74
146.39
117.55
128.71
181.40
172.94
191.90
193.48
161.04
117.85
116.04
154.02
124.03
105.20
175.73
173.35
124.42
160.77
143.14
184.18
173.30
188.40
149.68
182.07
187.54
198.81
144.15
112.59
133.53
141.30
195.86
160.01
143.84
103.79
120.69
174.01
179.82
114.66
105.59
103.29
137.03
101.23
181.65
139.94
141.91
133.65
149.37
116.85
167.85
110.81
191.00
142.11
106.79
125.33
114.27
198.83
168.43
178.14
159.59
186.56
143.55
100.34
168.25
131.49
159.79
179.77
153.30
146.47
179.05
182.78
136.45
179.14
134.01
107.90
114.78
146.59
177.90
107.59
198.93
118.49
126.66
166.39
120.99
177.03
105.19
129.54
144.81
151.67
170.77
134.95
123.86
199.45
175.65
112.86
142.61
177.50
148.24
182.86
146.40
133.43
117.61
195.77
111.34
121.27
179.72
139.06
131.36
136.06
105.29
149.04
102.33
148.49
119.04
150.16
164.84
112.42
138.07
172.63
126.46
112.92
143.06
183.06
122.08
120.02
170.05
199.68
186.55
114.39
153.16
153.77
107.67
155.08
118.59
101.82
199.71
166.69
129.19
189.13
187.48
133.40
105.25
115.17
119.43
100.96
102.04
152.99
134.55
103.86
107.69
130.96
192.10
155.00
135.72
193.59
136.24
157.39
126.02
120.00
107.81
123.87
135.12
193.69
134.85
119.27
192.12
185.16
130.12
172.11
120.27
130.18
199.03
137.67
175.46
160.97
114.70
133.11
133.34
174.68
148.20
106.40
163.91
104.47
151.36
145.88
169.19
191.92
177.31
184.57
123.11
146.48
189.53
104.66
145.60
117.47
154.12
101.26
162.82
197.41
131.76
121.84
154.21
121.40
186.35
157.97
163.87
126.78
105.00
129.39
158.07
189.67
180.88
166.76
144.18
160.53
144.58
169.45
126.95
179.68
142.37
187.00
167.32
165.32
150.50
149.22
126.36
131.83
183.44
148.56
122.18
113.93
100.90
160.70
101.27
143.60
143.81
174.46
127.35
150.96
132.34
190.63
120.65
137.80
140.55
140.65
138.45
102.84
121.86
170.94
173.64
181.71
196.77
136.07
162.30
101.40
130.41
145.32
133.67
138.64
120.99
110.68
106.10
115.18
192.46
151.96
131.24
158.65
134.51
124.42
115.38
107.43
161.64
148.22
101.57
140.00
168.94
135.07
179.12
165.19
147.05
127.35
198.09
118.05
181.23
187.71
105.55
168.34
100.07
102.75
187.70
163.08
158.50
193.90
197.22
193.02
136.46
160.18
168.99
193.98
109.84
113.27
178.77
168.28
103.48
103.29
179.25
139.03
167.38
175.55
155.98
130.38
126.74
142.83
181.39
100.88
143.98
105.84
109.61
143.63
196.74
104.99
146.81
106.91
119.66
141.09
152.46
182.14
179.57
159.20
175.11
152.03
154.14
150.60
103.32
191.40
161.82
190.82
116.82
165.18
147.74
198.48
156.16
174.03
164.28
169.11
189.99
156.52
197.89
110.98
148.22
168.68
184.32
185.85
106.86
126.66
123.46
136.49
155.40
116.32
151.57
165.01
151.41
144.75
154.32
111.23
168.54
133.04
106.81
168.85
173.94
127.03
108.26
168.40
129.06
133.46
138.77
150.91
193.71
172.42
102.58
153.75
127.57
173.98
138.63
131.12
125.54
136.86
172.62
135.47
193.74
109.85
156.88
193.64
171.50
153.06
194.52
121.21
131.31
185.42
172.50
132.60
143.65
127.14
134.47
120.22
176.30
101.50
109.08
196.32
108.85
169.07
171.58
113.41
182.42
129.14
157.64
105.24
171.66
138.29
166.92
119.35
161.76
163.82
191.05
144.12
136.38
111.29
175.70
168.90
134.60
139.33
179.62
153.66
114.15
102.77
125.01
126.57
166.65
145.35
142.83
172.26
166.24
197.03
104.44
121.39
197.35
118.03
196.78
103.00
199.52
171.15
141.63
175.13
187.71
197.52
182.30
106.35
154.99
116.71
160.26
140.94
141.14
171.73
183.33
144.13
155.62
191.66
142.59
190.08
175.98
150.44
170.42
124.87
104.32
158.90
143.87
109.84
152.94
138.85
129.11
126.11
148.15
193.34
130.84
100.36
186.30
104.73
157.96
194.04
149.76
163.97
141.74
183.35
192.15
158.35
145.94
145.81
132.05
122.66
189.80
160.62
152.21
189.28
164.02
124.88
187.18
156.24
157.83
185.15
196.93
129.25
130.66
184.95
165.71
183.64
155.87
132.83
136.15
135.12
136.04
102.59
187.22
104.57
139.35
187.55
190.95
111.26
134.73
144.30
138.08
131.53
110.02
177.63
105.22
115.28
141.59
138.10
147.64
161.60
146.73
126.50
140.45
116.39
190.62
125.19
158.73
169.95
138.61
105.44
182.17
100.58
141.68
192.02
133.52
131.36
117.69
101.35
111.76
141.53
144.64
108.24
160.74
101.62
113.28
137.39
121.85
181.62
195.84
120.75
155.34
115.48
175.49
109.38
179.18
192.10
146.62
179.44
166.49
182.53
139.98
125.93
163.06
106.56
148.70
194.89
135.02
187.95
131.31
165.06
133.29
146.74
146.06
153.40
166.35
129.64
127.18
185.30
105.77
185.10
148.30
139.92
109.77
148.28
130.72
154.13
139.57
112.92
145.01
143.94
160.28
132.17
123.21
181.68
163.72
108.40
146.05
149.16
123.87
103.28
194.38
172.44
197.50
123.66
157.56
131.89
112.29
116.30
172.72
133.16
142.47
134.98
128.27
118.96
158.35
127.29
102.81
199.49
150.00
125.22
126.03
180.20
167.77
113.47
142.28
169.49
192.72
192.73
129.38
156.17
148.54
150.99
175.32
156.82
193.27
105.80
143.68
146.29
183.82
182.13
165.19
101.50
189.18
146.82
176.83
107.91
139.50
128.66
193.08
101.11
137.02
115.29
134.18
141.66
122.29
133.04
155.30
150.40
184.69
183.77
117.50
163.51
129.40
133.98
116.38
102.07
165.08
126.01
137.65
188.81
155.91
108.12
140.10
186.78
189.82
161.35
175.88
178.87
150.71
134.38
145.91
155.10
146.47
184.46
153.38
125.36
137.15
162.72
162.85
129.42
127.82
174.70
193.87
172.93
139.32
193.83
178.33
178.67
146.72
104.11
189.15
105.48
180.06
101.49
103.96
153.77
114.96
188.29
102.12
146.47
141.59
154.23
105.85
146.56
189.74
149.18
167.25
148.58
104.97
117.78
171.39
160.35
116.28
184.01
173.15
173.24
109.19
145.26
110.06
104.74
119.96
159.45
137.07
185.27
196.09
186.42
110.27
152.76
126.71
175.21
106.03
113.22
131.96
172.77
199.78
123.13
114.93
166.11
144.39
150.54
121.99
160.20
181.64
175.57
127.63
136.82
192.68
198.26
158.51
135.67
143.20
132.05
198.26
148.53
107.28
174.29
168.98
119.72
160.32
161.89
168.72
101.40
115.91
139.95
154.88
121.33
144.02
193.50
103.03
182.22
148.62
119.02
137.39
126.84
101.94
140.80
125.31
171.28
128.98
109.71
150.94
129.55
111.79
157.11
135.46
127.59
135.35
114.91
150.69
131.61
129.09
154.42
181.07
196.67
166.89
141.22
124.77
174.95
176.43
150.96
189.13
109.92
174.22
142.03
127.59
182.70
186.63
134.90
186.06
169.84
139.26
105.09
174.90
117.97
196.84
157.13
159.46
140.20
114.32
109.95
166.94
191.41
116.13
191.01
140.25
185.24
154.89
105.74
130.44
174.35
113.62
121.94
108.63
127.11
106.17
184.49
195.59
199.11
199.46
154.65
152.35
115.69
127.92
150.64
149.10
153.07
196.02
151.12
130.92
129.88
