94
692
238
921
337
489
104
444
229
581
815
570
846
401
656
718
979
734
816
575
7
706
957
841
331
389
433
442
984
928
777
560
485
221
412
766
559
205
244
546
816
911
712
897
21
117
498
559
184
497
431
260
750
874
535
236
862
520
514
844
121
354
885
718
608
809
864
892
689
812
850
464
154
542
602
889
841
874
936
439
450
318
860
543
524
936
595
405
452
711
391
768
915
510
301
570
752
175
304
241
629
487
474
121
784
374
921
273
454
125
853
152
394
624
858
698
432
678
419
993
976
679
655
971
863
538
308
51
628
931
957
663
951
480
725
353
838
969
535
146
981
196
572
269
933
480
571
650
640
449
957
961
165
479
337
111
507
756
799
873
531
377
108
878
858
181
501
215
947
5
653
24
707
968
216
764
308
188
459
166
213
568
57
695
369
698
145
656
763
726
151
395
671
574
256
365
430
351
982
640
232
489
83
342
29
514
606
460
741
647
776
198
749
593
560
629
282
60
190
652
363
185
391
712
220
800
265
846
682
604
834
436
672
229
516
353
626
210
228
906
704
761
30
955
950
378
466
687
84
988
662
399
950
674
7
49
184
70
535
870
92
58
368
76
868
187
958
36
292
150
269
27
827
246
265
147
152
733
643
512
600
152
694
422
892
442
636
784
531
708
761
387
752
968
799
71
368
423
541
9
392
154
151
694
382
656
90
62
810
387
35
81
432
706
884
650
745
725
969
87
78
415
432
134
713
807
850
476
730
310
435
842
707
343
488
544
435
273
176
976
213
701
582
19
956
489
446
309
431
215
216
997
312
967
322
31
574
774
426
211
497
923
444
546
306
204
37
123
300
463
376
12
852
30
164
230
20
639
869
870
765
437
245
433
75
848
597
532
42
410
184
3
463
429
282
136
552
329
229
271
32
900
665
543
33
768
168
542
763
599
355
563
995
461
307
234
365
355
636
828
218
997
895
77
269
638
216
435
550
812
286
753
874
695
317
77
881
365
477
417
634
103
608
281
295
695
790
784
630
491
312
9
714
24
713
800
31
93
436
187
724
884
921
27
973
100
531
704
970
860
216
301
867
144
999
145
199
400
344
590
896
637
819
358
320
280
223
214
828
823
27
548
865
472
185
192
350
129
299
304
667
986
945
571
785
745
489
591
467
300
6
418
196
851
444
769
526
357
428
485
136
881
427
792
251
326
15
643
270
601
401
137
795
917
895
343
286
605
763
736
767
224
224
935
21
670
124
722
717
725
466
734
774
82
172
632
859
28
819
287
461
523
246
88
597
138
55
589
239
524
201
673
150
684
421
221
919
104
827
911
113
806
560
419
547
293
563
209
495
573
628
511
732
188
677
719
445
443
11
310
421
140
825
890
540
172
75
642
687
127
442
916
644
331
774
165
833
629
341
412
296
304
251
817
846
41
933
838
819
700
410
541
37
438
280
337
301
580
773
862
692
671
729
918
426
862
592
840
844
317
561
854
584
504
156
676
663
552
960
278
662
375
969
984
755
27
350
367
498
36
700
654
387
384
697
57
605
572
390
200
863
56
202
599
915
221
638
609
665
574
929
919
965
224
983
503
830
573
222
546
397
129
904
150
651
584
163
81
86
608
587
370
392
771
806
16
410
348
153
587
513
382
203
641
985
714
829
670
391
324
427
957
248
715
152
860
319
305
702
237
500
319
776
183
477
982
463
45
648
902
644
582
933
838
263
390
347
842
361
128
975
479
661
654
560
276
443
868
278
543
981
326
902
758
592
349
752
858
62
623
703
992
300
548
214
173
487
862
434
444
346
219
823
955
462
24
693
90
363
367
295
798
593
677
126
630
663
479
972
28
511
675
637
429
44
821
59
345
729
146
506
102
906
240
511
574
719
8
904
124
965
347
846
205
277
585
309
647
325
390
267
397
57
913
390
20
617
550
326
200
818
765
577
670
971
239
123
878
918
958
312
209
88
663
550
639
492
375
947
334
977
499
157
381
703
435
561
190
208
667
260
844
916
460
301
669
528
919
578
445
950
662
742
994
731
934
726
71
399
551
238
382
777
259
147
453
308
373
588
492
100
642
161
9
706
120
736
620
673
172
500
789
911
91
36
682
181
541
721
113
171
54
247
749
681
397
75
417
365
588
826
393
350
434
740
350
713
886
972
491
47
463
947
613
333
634
572
669
761
488
477
223
424
248
637
151
548
322
98
807
752
920
887
948
10
404
726
867
592
107
816
555
969
418
573
517
427
64
758
508
324
180
23
351
887
144
681
596
469
178
